[image4.JPG]
filters=radblur=1,0.599792,0.579336,-0.602339,-0.754386;
moddate=214a5f340478cf01
width=1600
height=902
textactive=0
